9                 2                 0                 0                 0                
9                 1                 2                 0                 0                
10                1                 2                 0                 0                
10                2                 2                 0                 0                
10                3                 2                 0                 0                
10                3                 3                 0                 0                
11                3                 3                 0                 0                
10                5                 3                 0                 0                
11                5                 3                 0                 0                
11                5                 4                 0                 0                
11                5                 5                 0                 0                
11                5                 6                 0                 0                
10                7                 6                 0                 0                
10                7                 5                 2                 0                
10                7                 5                 3                 0                
10                6                 7                 3                 0                
10                6                 7                 4                 0                
10                6                 7                 3                 2                
10                6                 7                 3                 1                
10                5                 9                 3                 1                
9                 7                 9                 3                 1                
9                 8                 9                 3                 1                
9                 8                 9                 3                 0                
9                 8                 8                 5                 0                
9                 9                 8                 5                 0                
9                 9                 8                 6                 0                
9                 9                 8                 5                 2                
8                 11                8                 5                 2                
8                 11                8                 6                 2                
8                 11                8                 6                 1                
8                 12                8                 6                 1                
9                 12                8                 6                 1                
9                 12                8                 6                 0                
9                 13                8                 6                 0                
9                 13                7                 8                 0                
9                 14                7                 8                 0                
9                 14                6                 10                0                
9                 14                5                 12                0                
9                 14                4                 14                0                
10                14                4                 14                0                
10                14                5                 14                0                
10                15                5                 14                0                
11                15                5                 14                0                
11                15                5                 13                2                
10                17                5                 13                2                
10                17                6                 13                2                
10                17                5                 15                2                
10                17                5                 14                4                
10                17                6                 14                4                
10                17                7                 14                4                
10                17                7                 13                6                
10                17                6                 15                6                
11                17                6                 15                6                
11                17                6                 16                6                
11                17                5                 18                6                
11                17                6                 18                6                
11                17                5                 20                6                
11                17                5                 20                5                
11                17                5                 20                4                
11                17                5                 19                6                
12                17                5                 19                6                
12                18                5                 19                6                
12                18                5                 19                5                
12                19                5                 19                5                
13                19                5                 19                5                
13                19                5                 19                4                
13                20                5                 19                4                
13                21                5                 19                4                
13                22                5                 19                4                
13                21                7                 19                4                
13                21                8                 19                4                
13                21                7                 21                4                
13                21                6                 23                4                
13                21                6                 23                3                
13                21                6                 23                2                
13                20                8                 23                2                
13                20                9                 23                2                
13                21                9                 23                2                
13                20                11                23                2                
13                20                12                23                2                
14                20                12                23                2                
15                20                12                23                2                
15                20                12                22                4                
15                20                12                22                3                
15                21                12                22                3                
15                21                12                22                2                
15                21                12                22                1                
15                21                12                21                3                
15                21                12                22                3                
15                21                12                21                5                
15                21                13                21                5                
15                20                15                21                5                
15                20                15                20                7                
15                21                15                20                7                
15                21                15                20                6                
15                21                14                22                6                
15                21                14                21                8                
15                21                14                21                7                
15                21                14                21                6                
15                21                14                21                5                
15                22                14                21                5                
15                23                14                21                5                
16                23                14                21                5                
15                25                14                21                5                
15                26                14                21                5                
14                28                14                21                5                
14                27                16                21                5                
13                29                16                21                5                
13                28                18                21                5                
13                29                18                21                5                
12                31                18                21                5                
11                33                18                21                5                
11                33                18                21                4                
11                33                18                20                6                
11                33                18                21                6                
11                33                19                21                6                
11                33                19                22                6                
11                33                20                22                6                
11                34                20                22                6                
11                33                22                22                6                
11                34                22                22                6                
11                34                23                22                6                
11                34                23                21                8                
11                33                25                21                8                
11                33                25                20                10               
11                33                25                20                9                
11                33                25                19                11               
11                33                24                21                11               
11                33                24                20                13               
11                33                23                22                13               
11                32                25                22                13               
10                34                25                22                13               
10                35                25                22                13               
10                36                25                22                13               
10                35                27                22                13               
10                36                27                22                13               
10                35                29                22                13               
10                35                30                22                13               
10                35                30                22                12               
10                35                30                23                12               
10                35                31                23                12               
10                35                31                23                11               
10                35                30                25                11               
10                35                30                26                11               
10                35                30                25                13               
10                36                30                25                13               
10                36                30                25                12               
10                36                31                25                12               
11                36                31                25                12               
11                36                31                25                11               
11                36                31                25                10               
12                36                31                25                10               
12                36                31                24                12               
12                36                31                24                11               
13                36                31                24                11               
13                35                33                24                11               
13                36                33                24                11               
14                36                33                24                11               
13                38                33                24                11               
13                38                32                26                11               
13                37                34                26                11               
13                37                34                25                13               
13                36                36                25                13               
13                36                35                27                13               
13                35                37                27                13               
13                35                37                27                12               
13                35                37                28                12               
13                35                37                28                11               
13                36                37                28                11               
13                36                36                30                11               
13                35                38                30                11               
13                35                38                31                11               
13                36                38                31                11               
13                36                38                30                13               
13                36                38                29                15               
13                36                39                29                15               
14                36                39                29                15               
14                36                40                29                15               
14                36                40                30                15               
14                36                40                30                14               
13                38                40                30                14               
13                37                42                30                14               
13                37                42                30                13               
13                37                41                32                13               
13                38                41                32                13               
13                39                41                32                13               
13                38                43                32                13               
13                38                43                31                15               
12                40                43                31                15               
12                40                43                31                14               
13                40                43                31                14               
12                42                43                31                14               
12                42                44                31                14               
12                42                44                30                16               
12                42                45                30                16               
12                41                47                30                16               
12                42                47                30                16               
12                42                46                32                16               
12                42                46                32                15               
12                41                48                32                15               
12                40                50                32                15               
12                41                50                32                15               
12                41                49                34                15               
12                41                49                34                14               
13                41                49                34                14               
13                41                49                34                13               
13                41                48                36                13               
13                42                48                36                13               
13                41                50                36                13               
13                41                50                35                15               
13                42                50                35                15               
13                43                50                35                15               
13                43                50                34                17               
13                43                50                34                16               
14                43                50                34                16               
14                43                50                34                15               
14                44                50                34                15               
15                44                50                34                15               
16                44                50                34                15               
16                43                52                34                15               
16                42                54                34                15               
17                42                54                34                15               
17                42                53                36                15               
17                42                53                35                17               
16                44                53                35                17               
16                43                55                35                17               
16                43                56                35                17               
16                43                56                35                16               
16                43                55                37                16               
16                43                55                37                15               
16                43                55                37                14               
15                45                55                37                14               
15                46                55                37                14               
15                45                57                37                14               
15                45                57                37                13               
15                45                57                37                12               
15                45                57                37                11               
15                44                59                37                11               
15                43                61                37                11               
14                45                61                37                11               
14                44                63                37                11               
15                44                63                37                11               
15                44                63                36                13               
15                44                63                36                12               
15                44                64                36                12               
14                46                64                36                12               
14                46                64                35                14               
15                46                64                35                14               
15                46                64                34                16               
15                46                65                34                16               
15                46                65                34                15               
15                46                66                34                15               
15                46                66                34                14               
14                48                66                34                14               
14                49                66                34                14               
14                50                66                34                14               
13                52                66                34                14               
13                52                67                34                14               
13                52                67                35                14               
13                53                67                35                14               
13                53                67                35                13               
13                53                68                35                13               
13                53                68                36                13               
13                53                68                36                12               
13                53                69                36                12               
13                53                70                36                12               
13                53                70                35                14               
13                53                71                35                14               
14                53                71                35                14               
15                53                71                35                14               
15                53                71                36                14               
16                53                71                36                14               
16                53                71                36                13               
16                53                72                36                13               
16                53                72                36                12               
16                53                72                35                14               
16                53                72                35                13               
16                53                72                36                13               
16                53                72                37                13               
16                53                72                38                13               
16                53                72                38                12               
16                54                72                38                12               
16                54                72                37                14               
16                54                71                39                14               
16                54                71                40                14               
16                53                73                40                14               
15                55                73                40                14               
15                56                73                40                14               
15                56                73                40                13               
16                56                73                40                13               
16                56                74                40                13               
16                57                74                40                13               
16                57                75                40                13               
16                58                75                40                13               
16                58                75                40                12               
16                58                75                41                12               
16                58                75                41                11               
16                58                75                41                10               
16                58                75                42                10               
17                58                75                42                10               
16                60                75                42                10               
16                60                75                42                9                
17                60                75                42                9                
17                60                75                43                9                
17                60                75                44                9                
17                60                75                44                8                
17                60                76                44                8                
17                60                76                44                7                
17                60                76                45                7                
16                62                76                45                7                
16                61                78                45                7                
16                62                78                45                7                
17                62                78                45                7                
17                62                79                45                7                
17                62                79                45                6                
18                62                79                45                6                
18                62                79                46                6                
18                62                79                46                5                
18                62                79                45                7                
18                62                79                45                6                
19                62                79                45                6                
19                62                79                44                8                
18                64                79                44                8                
18                64                79                45                8                
18                64                79                45                7                
19                64                79                45                7                
18                66                79                45                7                
18                65                81                45                7                
18                65                81                45                6                
18                64                83                45                6                
18                64                83                45                5                
19                64                83                45                5                
19                64                83                44                7                
19                64                83                43                9                
19                63                85                43                9                
19                62                87                43                9                
19                62                87                43                8                
19                62                88                43                8                
19                62                89                43                8                
19                62                89                42                10               
19                62                89                41                12               
19                62                89                41                11               
19                61                91                41                11               
19                60                93                41                11               
19                60                93                41                10               
19                60                93                41                9                
19                60                93                42                9                
19                60                93                43                9                
19                60                93                44                9                
19                60                93                44                8                
19                60                93                44                7                
19                60                93                44                6                
19                60                92                46                6                
19                59                94                46                6                
19                59                94                45                8                
19                58                96                45                8                
19                59                96                45                8                
19                58                98                45                8                
19                58                98                45                7                
20                58                98                45                7                
20                58                98                46                7                
20                58                99                46                7                
19                60                99                46                7                
19                60                99                46                6                
19                60                99                47                6                
19                61                99                47                6                
19                60                101               47                6                
19                60                101               47                5                
20                60                101               47                5                
20                60                102               47                5                
20                59                104               47                5                
20                58                106               47                5                
20                57                108               47                5                
20                58                108               47                5                
20                58                108               48                5                
20                57                110               48                5                
20                58                110               48                5                
20                58                111               48                5                
20                58                112               48                5                
19                60                112               48                5                
19                61                112               48                5                
19                61                112               47                7                
19                60                114               47                7                
19                60                114               47                6                
19                60                114               47                5                
19                59                116               47                5                
19                59                115               49                5                
19                59                115               49                4                
19                60                115               49                4                
19                60                115               48                6                
19                60                115               48                5                
19                60                115               48                4                
19                60                115               48                3                
19                60                115               48                2                
19                60                115               48                1                
18                62                115               48                1                
18                63                115               48                1                
18                63                115               49                1                
18                63                115               49                0                
17                65                115               49                0                
17                66                115               49                0                
17                66                115               50                0                
16                68                115               50                0                
16                68                115               51                0                
17                68                115               51                0                
17                67                117               51                0                
16                69                117               51                0                
16                68                119               51                0                
16                68                118               53                0                
16                68                118               54                0                
16                67                120               54                0                
15                69                120               54                0                
15                70                120               54                0                
15                71                120               54                0                
15                71                121               54                0                
15                70                123               54                0                
15                70                122               56                0                
15                70                123               56                0                
15                70                122               58                0                
14                72                122               58                0                
14                71                124               58                0                
13                73                124               58                0                
12                75                124               58                0                
13                75                124               58                0                
13                76                124               58                0                
14                76                124               58                0                
14                77                124               58                0                
13                79                124               58                0                
13                79                124               57                2                
13                80                124               57                2                
12                82                124               57                2                
12                82                125               57                2                
12                82                125               58                2                
12                83                125               58                2                
12                82                127               58                2                
12                82                128               58                2                
12                82                127               60                2                
12                82                127               61                2                
12                82                127               61                1                
12                82                128               61                1                
12                82                128               61                0                
12                82                128               62                0                
12                82                128               61                2                
12                82                128               61                1                
12                83                128               61                1                
12                83                128               61                0                
12                84                128               61                0                
12                84                127               63                0                
12                84                127               62                2                
12                85                127               62                2                
12                84                129               62                2                
12                84                130               62                2                
12                84                129               64                2                
12                84                129               63                4                
12                84                128               65                4                
13                84                128               65                4                
13                84                128               64                6                
13                84                127               66                6                
13                83                129               66                6                
12                85                129               66                6                
12                85                129               66                5                
13                85                129               66                5                
14                85                129               66                5                
14                85                130               66                5                
14                85                129               68                5                
14                85                129               68                4                
13                87                129               68                4                
13                87                128               70                4                
13                87                128               71                4                
14                87                128               71                4                
15                87                128               71                4                
15                87                128               71                3                
16                87                128               71                3                
16                87                127               73                3                
16                87                127               74                3                
